757303066
757303242
757308035
757316161
758407245
758802002
759204066
759204035
759701155
760406139
760406243
760408230
760410178
760411090
760415214
760504135
760504066
768008142
768502026
769306107
769416138
769416216
769508246
778206035
781414087
781811183
782701126
782701115
782801016
782810118
782815080
782816088
782907161
791806035
792003206
792508095
793414135
793708043
794408192
794606081
794606227
794606193
794611181
794613039
794911017
794912067
794913211
794916235
795903234
795913237
795914151
795914166
803204032
813011185
823409166
836605094
837607107
840208063
840216131
840211173
840212056
840306015
840313158
840404033
840415022
840415059
840415199
840415231
840415157
840415221
840705198
840811243
840812108
841815116
841803023
841815064
841810036
842801155
842806035
844605249
844607178
844607226
844916082
844916169
853301120
854012158
855503073
855504037
855503127
855515099
855503092
855509047
855514053
864409040
864506126
864503188
864507230
864514225
864514136
865308200
867512047
869102057
869103248
869103238
869107190
869108228
869106147
869107099
869113003
869113007
869113049
869111206
869113047
869113042
869113059
869115168
869113035
869310005
869310151
869314124
870415050
870411067
870408186
879913092
879913068
880503200
881603215
881606139
881608100
881613227
881815072
882814230
883009089
883008212
891809172
892905133
892905019
894614026
901903183
911210072
911202228
911211023
914302064
939203023
939203205
939211149
939211210
939212235
939412182
939416018
939414016
939414093
939414094
939414127
939707099
948514026
948701070
949015040
949905105
960102224
960108072
960202093
960206152
960606084
960616014
961702096
961703218
961706243
961713227
961715059
961706139
963403091
963403054
963403226
963409168
963403121
963403100
963314239
964306114
966701129
966701216
966711178
966708080
966708057
966716230
966713050
966713081
966713062
966713129
966713099
977209015
978009019
978005052
978005065
978010120
978005058
978010158
978015152
978506079
978508075
978513227
978506243
978515059
978712030
978712048
979312100
979412214
979411180
980514026
988208022
980509055
989002001
989001115
989011081
990207068
991806243
991806139
991806238
993804159
993814026
993815050
994909064
994909201
995510046
995514142
995502127
995505175
995515061
995516221
1000304161
1009910212
1016206136
1016213143
1016205010
1047101133
1047105119
1047101212
1047109027
1047109038
1047114225
1047401028
1047406243
1047508131
1048115041
1048308028
1048802201
1058015033
1058304018
1058904226
1058916077
1059112214
1069512214
1072301238
1072308218
1072304042
1072316014
1073603028
1074116019
1082910042
1083401028
1083403152
1083406243
1083406247
1085211034
1085916019
1086007007
1086015221
1088001202
1088001221
1088007176
1089201107
1089210154
1089214181
1089215095
1089605063
1089610163
1096802001
1099402082
1110803218
1110806069
1110806243
1110806230
1110813227
1110815190
