1068312176
1068312230
1068506159
1068312200
1068508165
1068312199
1068312218
1068505211
1068312240
1068516091
1068507109
1068501170
1068509166
1069001172
1068703185
1068704132
1068512045
1068516142
1068705245
1068512001
1068516199
1069002039
1067710055
1069002081
1068701102
1068705195
1068707237
1068707029
1068708089
1068708203
1068714019
1068716161
1068710249
1068801038
1068710079
1068714020
1069003101
1068802222
1069003245
1068803213
1068714181
1068714242
1069003091
1068803109
1069004042
1068801010
1068808172
1068803103
1068801045
1068806102
1068808168
1068812072
1069005027
1068805102
1069004148
1068809122
1068809236
1068816013
1068815092
1068809091
1068806177
1069005076
1068901055
1068713007
1068815117
1068901169
1068816174
1068901044
1068901173
1068901005
1068901016
1068902102
1068901050
1068901067
1068902152
1069006082
1068902167
1068901170
1068902133
1068901211
1068901239
1068907140
1068902091
1068810142
1068907193
1068902059
1069001042
1069001072
1069001085
1069006227
1068907072
1068907058
1068907213
1069001036
1069001013
1069001112
1069006181
1069007013
1069001150
1068902197
1069001148
1069001171
1069001008
1069001119
1069006185
1069001180
1069002042
1069001193
1069002089
1069007019
1069002020
1069007196
1069002058
1069001184
1069001250
1069007101
1069002119
1069007238
1069002182
1069002203
1069002144
1069002205
1069002239
1069002130
1069007179
1069007085
1069003025
1069002009
1069008188
1069003018
1069002084
1069003048
1069003082
1069003085
1069003012
1069002211
1069010006
1069003070
1069003127
1069003166
1069009142
1069003112
1069003244
1069003239
1069003144
1069010007
1069004021
1069004035
1069004121
1069004147
1069002117
1069004032
1069005012
1069004175
1069004088
1069005036
1069005038
1069010225
1069004157
1069005057
1069011038
1069005017
1069005060
1069004136
1069005092
1069005073
1069004228
1071005045
1071005055
1071005046
1071005059
1071005074
1071005078
1071005079
1071005064
1071005082
1071005093
1071005117
1071005118
1071005099
1071005123
1071005124
1071005141
1071005130
1071005156
1071005150
1071005149
1071005126
1071005160
1071005163
1071005182
1071005191
1071005211
1071005209
1071005213
1071005215
1071005237
1071005240
1071006040
1071005245
1071006014
1071006068
1071006010
1071006065
1071006059
1071006076
1071006080
1071006077
1071006081
1071006153
1071006072
1071006162
1071006158
1071006148
1071006178
1071006171
1071006184
1071006186
1071006165
1071006131
1071006188
1071006237
1071007013
1071007007
1071007029
1071007027
1071007058
1071007041
1071006236
1071006243
1071007070
1071007080
1071007074
1071007092
1071007087
1071007098
1071007101
1071007128
1071007110
1071007116
1071007138
1071007135
1071007151
1071007169
1071007177
1071007179
1071007197
1071007193
1071007174
1071007192
1071007212
1071007208
1071007216
1071007219
1071007230
1071007233
1071007232
1071007240
1071007247
1071007244
1071008012
1071008010
1071008028
1071008039
1071008042
1071008058
1071008073
1071008093
1071008097
1071008076
1071008128
1071008133
1071008162
1071008173
1071008135
1071008217
1071008202
1071008188
1071008232
1071008183
1071009006
1071009015
1071009016
1071009009
1071009018
1071009020
1071009029
1071009043
1071009027
1071009024
1071009057
1071009071
1071009062
1071009067
1071009073
1071009087
1071009090
1071009089
1071009091
1071009099
1071009122
1071009137
1071009104
1071009153
1071009154
1071009156
1071009157
1071009164
1071009166
1071009165
1071009167
1071009169
1071009174
1071009173
1071009178
1071009181
1071009207
1071009223
1071009247
1071010003
1071009237
1071010018
1071010019
1071010021
1071010027
1071010046
1071010030
1071010070
1071010080
1071010078
1071010093
1071010085
1071010140
1071010095
1071010159
1071010096
1071010155
1071010202
1071010158
1071010250
1071010234
1071011030
1071011056
1071011038
1071011087
1071011077
1071011017
1071011067
1071011088
1071011094
1071011093
1071011098
1071011109
1071011113
1071011120
1071011138
1071011231
1071011211
1071011238
1071012007
1071012010
1071012015
1071012039
