756601123
756605076
756602070
756601171
756605019
757308146
757313128
757315186
757315157
757316113
760406084
767516234
768008036
768901161
768901081
768901159
769510166
777615053
778601202
778601153
778601041
778602212
778605061
778607158
778801151
778615200
778616063
779606241
779606239
779810231
780307146
780313095
781106122
781304097
781802162
782801230
782802161
782810020
782810029
782810199
782812074
782812229
782816162
783505051
791801011
792015223
794603116
794606145
794606010
794606078
794613076
794613046
794608133
794616125
795602086
795602066
795708244
795807129
795807138
795903216
795903224
795903113
795903156
795903206
795910058
795910106
803203069
803208167
803215200
803216224
806010002
806016130
820716084
820608126
820708126
823613130
837601168
837607104
837601145
837605215
840209080
840212135
840212055
840212046
840212098
840214015
840209065
840209071
840212080
840212137
840216032
840205221
840310155
840409173
840409203
840709055
840709086
840712145
841803175
841811218
841803212
841806014
841806224
841806214
841803056
841803068
841806247
843202152
843205051
843207074
844603028
844603007
844603231
844612134
844605036
844610047
844913247
852911116
852702086
853301100
853301103
853305236
853307046
853307160
853301114
853307024
853307047
853307050
855503146
855503225
855503240
855503152
855503224
855503056
855507157
855507158
855515195
864412239
864505228
865501070
866911020
866911081
866911052
867512231
867512057
868703054
868303027
869101141
869101151
869104077
869104105
869104098
869107091
869107186
869108007
869104110
869108171
869105132
869105131
869109183
869106168
869111056
869107136
869111054
869111209
869108029
869112127
869112136
869108129
869108181
869108173
869112189
869111024
869111069
869111216
869111125
869112140
869111202
869115118
869115139
869115189
869115142
869113169
869302142
869307043
869310136
869310080
869314151
869314056
869314063
879906029
879906230
879913079
879913219
879808227
879906094
879906221
879906243
880412216
880512126
880512189
880514052
880512136
881016049
881602069
881606069
881613048
881614217
882307077
892304090
892303042
892308122
892308126
892405225
892414031
892903124
892903189
892904135
892905013
892905094
892905007
892905014
892905164
892904163
892905076
892905023
892909047
892905241
892905162
892915041
892909142
892909141
892910217
892914076
893211068
892914227
892915182
898104154
899316245
911203051
911203100
911203125
911202135
911205221
911206137
911203116
911214163
911405027
914207131
914201188
939009068
939204044
939203184
939211174
939210163
939215181
939407224
939409101
939409104
939409151
939410043
939411044
939414240
939412184
939414008
939414073
939413117
939416012
939416077
948502141
948702009
948713222
949005004
949015140
949015054
949702104
949914072
950606039
951308228
960603027
960615074
961703104
961713048
963412135
964309247
966211231
966211126
966211211
966706071
966702245
966713034
966713055
966713179
966709239
975705187
976610126
977210126
978002039
978002060
978003124
978001196
978003032
978002180
978010173
978005100
978004054
978014027
978009175
978014076
978014079
978011184
978016018
978016208
978506098
978506238
978512202
978513048
978703027
978706226
978707072
978707221
978709130
978709152
978712184
978715003
978715183
978715186
979403015
979412110
990203093
991611047
991914221
991915186
992714046
992714073
993111241
993802093
994909016
994912188
994909173
994909047
995503191
995503217
995515185
995504153
995515184
995515008
995516211
1011104049
1016203184
1016207236
1016206159
1016209147
1016210168
1016909203
1017905243
1046903242
1046910002
1047106165
1047107107
1047108217
1047111132
1047111157
1047111169
1047109052
1047111016
1047111161
1047108178
1047114126
1047114188
1047406079
1047413048
1047412211
1048310086
1048314133
1048312007
1048314140
1049001199
1058201051
1058201069
1058201078
1058201128
1058201082
1058202143
1058205100
1058212102
1058304020
1058903086
1058903058
1058908141
1058913151
1058911250
1059112044
1068312101
1069913013
1070301126
1071015125
1071905010
1072112157
1071504016
1072305183
1072305182
1072307027
1072307131
1072307135
1072305238
1073106226
1073109116
1073115138
1073114138
1073208050
1073207209
1073208052
1073208250
1073405010
1073212241
1073208026
1073808010
1073812129
1073812176
1082902070
1082909051
1083406069
1083406238
1083413085
1083413048
1084501121
1085211096
1085211061
1085207238
1085902159
1085905156
1086009116
1086014006
1086014138
1086014213
1086014124
1088001148
1088001143
1089201113
1089212018
1089214052
1089610036
1097416004
1099413226
1099401030
1099403201
1099405043
1099405182
1099414055
1099401055
1101207041
1110807250
1110813079
1110813048
1116807237
1127106084
1127306163
